bbcbb;1;2;1;1;3;4;446;8-800-555-35-35
cabcb;1;2;1;2;2;1;350;8-800-555-35-35
aaaab;1;1;1;4;5;2;2;8-800-555-35-35
bcbbc;1;2;5;4;3;1;145;8-800-555-35-35
babac;1;2;2;2;4;4;832;8-800-555-35-35
baabc;1;2;3;5;1;5;705;8-800-555-35-35
aabca;4;4;4;3;5;3;529;8-800-555-35-35
baacb;4;2;1;2;2;2;537;8-800-555-35-35
cbabc;4;2;5;2;1;3;753;8-800-555-35-35
acbcb;4;1;5;5;4;2;413;8-800-555-35-35
cacbc;4;2;5;4;5;4;728;8-800-555-35-35
abcca;4;1;1;4;4;4;458;8-800-555-35-35
caaaa;4;2;3;2;2;1;902;8-800-555-35-35
baaca;3;4;2;2;1;5;97;8-800-555-35-35
acbac;3;1;5;5;2;4;989;8-800-555-35-35
cbbaa;3;1;2;4;2;5;538;8-800-555-35-35
ccabc;3;2;4;3;2;2;75;8-800-555-35-35
ccaca;3;3;3;2;2;4;869;8-800-555-35-35
cbaaa;2;4;3;5;2;4;977;8-800-555-35-35
cacca;2;1;2;3;1;1;595;8-800-555-35-35
cbbcc;2;4;4;3;2;1;935;8-800-555-35-35
cccba;2;3;1;4;2;3;844;8-800-555-35-35
bcbca;2;4;1;3;2;2;114;8-800-555-35-35
bbbac;2;4;2;2;4;2;129;8-800-555-35-35
acaac;2;3;5;1;5;4;141;8-800-555-35-35
baaaa;5;3;1;2;2;5;668;8-800-555-35-35
cabba;5;4;5;1;3;4;202;8-800-555-35-35
abcca;5;3;1;4;2;3;721;8-800-555-35-35
bbbbb;5;4;4;5;4;5;866;8-800-555-35-35
aacac;5;1;5;1;1;2;84;8-800-555-35-35
